429
482
395
479
442
463
439
400
440
298
380
278
442
440
429
493
513
442
524
549
604
410
377
481
449
479
418
495
490
572
547
501
508
516
556
497
412
363
416
374
519
567
376
459
478
404
453
471
409
428
329
418
505
356
428
476
456
479
468
488
288
539
361
419
324
360
317
466
426
420
236
229
481
427
293
264
457
446
382
438
438
288
567
447
437
462
367
551
558
480
446
475
481
517
495
536
456
531
498
499
316
490
440
468
458
428
296
551
418
472
477
477
484
534
481
460
510
484
470
477
415
286
376
313
417
495
344
364
409
437
418
456
466
288
222
293
368
313
356
361
419
400
356
437
313
426
364
364
302
343
310
379
412
495
194
180
298
302
286
212
318
343
376
312
310
313
379
417
415
366
367
427
409
553
366
400
419
549
467
458
614
436
527
502
184
236
293
374
229
268
342
324
363
349
312
343
438
348
408
385
365
438
406
441
349
412
349
506
524
415
374
342
479
553
313
363
519
567
429
479
553
286
634
417
495
404
332
472
527
437
459
453
471
482
472
527
364
548
418
456
329
468
488
442
296
406
222
480
356
437
418
505
395
539
463
439
480
293
368
426
293
268
449
409
368
292
431
390
437
404
385
364
495
518
512
184
410
366
288
377
367
222
493
395
364
362
343
293
476
447
420
416
395
368
518
335
440
426
488
428
438
406
558
505
527
444
464
521
445
478
475
493
521
518
537
316
335
329
462
428
404
367
329
332
459
393
414
442
469
442
437
293
382
288
447
420
376
521
517
488
478
475
549
484
329
414
442
438
468
481
460
572
428
404
374
469
408
385
427
446
438
567
426
567
236
229
481
324
363
264
457
360
416
438
317
374
466
519
412
547
519
602
557
682
514
520
447
572
570
511
764
517
559
461
366
572
457
602
496
419
490
558
560
517
538
447
602
477
574
516
559
602
470
495
292
360
293
431
390
343
264
184
362
343
212
236
457
446
380
410
366
194
476
318
343
446
335
444
464
366
462
475
481
513
440
426
366
445
400
419
316
477
477
418
316
335
184
393
312
343
490
440
410
534
495
490
462
236
293
348
291
298
403
326
343
291
522
428
446
447
338
366
466
476
390
162
360
291
264
418
298
184
403
362
292
360
291
236
522
457
360
447
410
293
431
402
533
471
514
492
470
454
519
510
438
533
471
547
498
520
447
495
547
416
425
512
372
366
481
538
447
494
366
318
423
481
572
457
477
457
364
420
368
518
512
495
288
222
395
368
313
293
447
437
429
395
364
286
518
417
415
456
406
521
518
614
480
498
499
604
505
527
553
537
527
502
296
484
470
508
329
332
342
442
438
406
418
472
479
477
556
497
459
363
349
441
366
367
493
409
553
343
476
390
567
416
385
553
495
634
524
184
410
293
374
377
268
342
449
479
349
362
292
363
431
519
412
404
479
349
506
454
547
416
764
519
474
720
557
682
592
510
438
682
425
559
461
528
682
592
534
366
318
490
457
602
470
419
490
390
517
423
560
517
495
517
317
268
404
385
310
324
466
426
440
449
409
302
495
379
412
229
438
438
278
377
367
180
416
312
310
481
427
298
567
442
440
493
298
302
379
367
495
536
442
428
438
367
493
467
458
551
558
493
531
524
549
558
427
409
436
458
428
377
510
547
501
367
229
268
365
551
481
449
516
324
298
447
338
438
442
388
367
470
416
385
403
326
427
466
567
426
470
493
409
495
418
298
229
447
438
317
442
377
268
404
403
481
324
466
449
492
470
519
495
570
511
538
519
474
528
519
602
557
517
557
494
495
419
559
419
558
448
417
451
400
521
524
460
518
521
439
474
498
524
447
395
447
518
417
463
490
474
521
479
482
429
521
451
448
379
452
436
479
518
524
318
312
442
379
417
360
456
452
451
450
436
400
479
521
448
476
416
567
495
634
478
488
492
536
505
556
604
490
536
514
362
457
431
519
438
404
479
466
519
506
468
474
556
460
500
501
460
572
497
501
441
392
385
501
455
456
408
438
556
527
364
408
500
466
451
572
549
376
536
451
468
469
442
477
537
426
469
502
466
521
460
475
420
506
456
497
414
481
478
463
484
521
293
498
361
418
481
478
447
486
490
474
517
382
437
456
348
365
516
436
426
397
460
434
456
460
439
409
490
521
497
312
495
400
361
547
467
356
524
463
418
468
419
361
488
490
456
505
479
419
474
393
534
445
539
510
493
480
531
539
548
452
504
498
480
486
506
478
517
499
506
477
444
418
475
476
453
495
468
472
453
452
481
477
502
460
415
456
364
448
516
502
376
313
429
495
344
364
451
468
460
400
466
344
524
460
502
420
368
437
512
495
426
456
497
524
419
456
495
497
468
516
293
382
437
429
288
364
286
420
376
415
361
418
417
456
451
448
409
376
415
456
343
310
440
412
495
352
452
452
468
436
464
466
518
524
516
212
380
343
376
278
310
313
440
429
415
360
352
364
452
451
456
436
400
364
448
343
446
390
567
438
385
553
426
567
524
419
460
527
434
466
455
439
549
502
455
264
292
363
360
416
412
317
374
349
412
397
408
441
392
385
385
406
497
502
364
441
501
455
448
497
502
415
514
448
516
438
572
549
400
508
614
313
604
400
466
556
527
417
536
521
524
604
429
495
524
442
460
475
439
470
518
368
499
419
456
477
537
518
506
474
498
499
437
512
497
484
521
395
517
479
482
456
288
364
409
498
447
518
521
420
343
490
419
419
501
458
437
549
439
456
474
460
418
492
474
497
556
482
456
498
418
366
356
513
479
409
442
442
437
482
478
463
426
521
439
477
464
505
481
456
471
536
488
527
471
504
478
537
466
475
446
428
459
478
404
469
418
456
419
474
497
468
361
356
463
426
364
361
490
456
451
479
409
376
521
451
456
498
505
478
537
527
539
486
506
536
456
471
567
466
466
455
418
481
477
556
428
459
363
469
408
441
476
453
519
502
500
501
478
416
412
392
400
467
524
436
527
419
488
434
466
505
439
549
490
536
455
312
495
348
408
547
365
438
516
556
441
468
397
408
460
500
392
460
572
385
501
510
520
425
559
570
528
682
517
559
534
498
500
559
398
386
420
448
572
461
420
538
423
560
477
574
495
559
602
517
495
466
574
495
458
516
397
343
474
460
352
348
460
434
452
490
419
343
492
452
452
312
468
419
360
418
366
212
478
360
352
495
400
318
488
456
452
513
380
343
452
393
452
504
478
477
464
343
504
419
460
534
445
476
480
488
492
481
446
390
434
477
444
362
452
468
474
446
264
292
397
475
457
431
460
360
372
454
412
419
464
430
366
514
478
460
454
412
400
472
488
434
500
513
419
492
514
372
312
454
468
397
464
418
343
474
454
495
348
460
490
502
462
510
437
498
500
510
514
438
500
437
520
425
398
447
500
538
423
466
447
477
409
437
482
456
466
426
521
497
524
439
456
495
498
524
516
356
479
419
400
442
437
313
439
400
364
463
418
417
474
521
448
482
429
415
448
480
517
499
604
488
527
553
475
549
502
539
548
634
506
536
514
471
567
524
455
468
472
479
460
572
497
404
374
349
385
453
519
506
501
412
366
513
419
549
442
458
614
549
604
502
478
460
527
492
536
455
556
604
502
514
418
343
438
490
572
385
501
508
406
497
474
556
441
501
497
514
438
682
447
572
461
511
764
592
461
500
559
534
420
461
447
602
517
516
470
495
365
460
439
436
501
458
310
556
436
464
516
436
379
490
479
518
549
440
412
518
547
467
312
505
450
436
442
278
310
436
524
442
379
479
440
510
493
416
478
505
556
536
438
385
439
530
567
495
490
426
495
438
404
460
317
466
464
430
467
500
505
439
580
442
458
556
514
524
436
490
549
464
547
365
460
501
516
510
570
528
448
511
517
559
497
479
572
508
556
604
400
404
460
501
474
556
436
438
377
362
416
312
547
468
505
450
418
442
278
478
360
436
449
490
501
516
549
439
410
377
481
493
395
418
495
513
479
547
442
442
524
463
482
447
442
403
470
416
464
454
500
505
464
580
442
514
478
556
418
360
447
438
418
442
377
403
362
404
514
464
547
454
468
460
464
418
501
474
517
516
470
495
461
385
602
490
560
682
438
602
574
572
572
602
764
374
559
408
549
559
419
423
528
365
559
466
448
460
447
511
317
500
397
439
496
538
570
547
366
519
229
510
312
467
538
570
438
498
468
505
514
264
438
419
457
419
558
557
442
447
477
447
460
559
511
404
517
469
475
366
572
547
484
496
519
329
602
414
521
538
514
468
520
481
517
570
428
488
478
494
481
495
510
494
538
367
519
393
493
500
510
495
437
452
478
510
446
536
504
512
492
458
533
477
495
492
316
428
444
502
477
510
452
477
349
385
406
441
502
364
374
342
363
553
313
438
408
549
400
438
614
313
527
364
466
317
268
292
385
310
365
397
439
436
343
458
310
460
352
464
229
264
438
278
184
367
180
343
212
310
312
467
312
419
360
436
366
212
310
352
293
268
324
409
368
343
348
419
419
365
458
437
436
426
456
184
236
366
288
229
367
222
427
293
364
312
366
356
400
361
409
467
356
437
418
298
291
338
438
298
388
367
326
343
385
372
430
467
412
419
439
430
366
458
460
162
298
229
291
264
317
298
184
268
292
372
312
365
397
343
470
390
517
592
406
517
495
461
497
517
592
349
534
441
502
490
602
764
508
490
720
342
682
438
614
560
681
479
559
556
604
682
363
553
527
419
447
511
501
318
474
268
438
343
458
423
528
404
500
474
556
438
292
385
460
366
519
377
514
418
442
454
184
367
366
510
362
416
478
343
318
457
416
470
419
474
332
557
442
518
423
438
472
425
477
499
528
459
527
537
366
454
296
547
484
456
519
329
406
521
510
418
480
498
505
372
470
428
471
477
536
470
335
438
464
462
444
493
504
464
402
316
367
446
335
393
472
460
470
477
499
419
468
296
418
480
356
484
481
517
479
484
456
288
498
361
409
495
428
444
493
467
510
452
478
505
477
536
438
504
419
439
458
477
510
547
316
367
229
393
312
365
477
495
438
452
468
460
446
264
317
397
440
428
551
558
505
477
534
481
456
510
536
488
531
539
471
316
490
462
428
458
367
329
551
418
459
477
446
428
475
476
478
495
468
404
453
492
533
495
570
492
538
519
519
510
528
502
510
570
437
498
448
510
514
511
500
512
494
496
481
538
559
494
366
419
423
500
538
559
466
447
447
318
423
438
343
457
477
447
490
457
416
293
425
348
419
366
538
514
418
366
454
184
510
312
366
572
547
410
520
495
513
547
236
366
400
494
500
510
464
372
470
298
462
372
430
481
495
447
437
454
500
471
291
338
412
512
492
418
502
514
464
402
162
298
372
533
360
447
454
291
372
481
471
477
494
470
335
518
393
464
481
471
440
498
534
481
495
462
426
445
512
402
316
533
477
446
492
316
335
444
533
490
462
475
440
566
574
492
466
502
510
574
402
470
462
466
533
495
437
471
566
512
494
500
372
481
404
332
459
527
437
442
469
475
439
442
518
368
537
426
456
329
428
488
442
329
406
222
505
356
437
414
521
395
478
463
482
521
293
364
418
367
446
536
442
335
438
367
464
366
458
393
493
416
504
478
556
464
343
385
460
316
428
377
477
418
501
335
184
268
343
444
362
404
474
292
335
462
426
488
367
438
406
558
480
527
393
464
505
445
539
471
493
480
527
548
316
335
329
440
468
404
428
296
332
472
444
418
459
453
472
402
470
519
471
514
511
470
454
474
438
462
510
528
500
438
372
366
419
447
318
423
419
559
511
501
419
474
268
528
365
458
558
557
449
517
516
549
557
324
409
436
496
519
377
570
547
442
519
229
367
467
602
481
493
524
427
494
538
442
510
464
580
470
298
388
430
519
403
470
514
326
492
418
442
464
298
403
494
470
428
495
510
536
538
367
438
493
519
551
558
531
558
492
458
367
495
428
551
574
492
538
510
470
519
494
506
501
497
501
514
448
519
479
519
634
417
556
500
536
521
572
604
429
536
451
524
466
449
431
495
379
516
460
490
479
490
549
440
492
452
518
481
457
567
442
410
493
298
476
318
379
495
524
442
488
456
479
513
380
440
452
431
404
466
495
518
474
460
492
474
460
556
482
490
521
498
362
457
476
447
438
416
395
567
447
518
468
478
463
488
490
521
505
479
439
474
403
522
466
567
447
470
493
466
476
495
454
514
524
472
488
490
500
513
549
492
360
403
481
522
457
466
447
410
449
431
454
495
516
460
490
495
517
495
534
441
495
458
420
501
516
461
412
420
392
455
560
574
559
556
602
682
363
559
408
527
574
559
519
386
500
536
572
416
567
466
558
477
517
516
457
557
324
425
348
436
477
517
466
398
460
490
447
360
426
434
572
602
481
520
495
524
547
236
427
400
520
457
567
488
446
423
477
425
477
559
528
459
517
469
537
466
500
453
398
502
506
448
478
471
466
538
510
418
520
481
498
570
428
505
478
498
476
539
486
456
481
519
551
498
534
531
495
462
558
445
437
475
531
480
481
533
490
551
475
440
534
412
349
412
524
415
441
392
455
448
385
502
415
455
456
516
363
416
567
429
374
553
286
567
376
495
408
527
417
466
451
524
549
376
495
468
324
360
426
440
293
409
302
390
343
412
348
436
379
434
452
518
419
343
412
452
236
427
298
446
380
440
366
194
302
343
400
318
379
452
343
292
360
390
437
317
385
364
426
420
512
397
460
418
434
456
497
439
409
456
497
264
343
293
446
382
420
438
288
368
437
419
361
426
456
419
291
326
427
428
446
426
338
366
409
390
412
400
436
434
419
291
236
324
360
293
348
517
516
461
497
470
592
349
461
385
502
495
534
506
420
501
514
461
412
524
455
602
682
479
572
572
604
764
374
553
549
559
519
634
536
567
457
557
449
447
490
549
416
293
409
419
425
431
495
492
390
547
410
493
513
366
476
447
438
472
447
460
499
511
404
527
475
500
453
548
506
471
514
468
480
517
488
539
471
440
558
481
426
445
462
453
472
453
548
418
477
502
506
474
460
499
437
506
456
497
418
476
539
463
468
480
293
539
361
426
481
498
447
486
490
521
517
382
420
456
551
475
531
524
440
558
427
445
400
436
534
531
567
480
488
490
481
446
426
434
490
551
481
534
495
516
462
236
324
348
475
457
466
460
360
444
475
445
478
495
493
521
531
498
537
452
504
478
480
486
466
478
517
475
506
477
393
414
534
481
469
510
484
442
477
452
481
469
502
460
533
519
602
498
520
517
495
547
557
425
437
520
517
398
447
481
572
558
477
457
477
423
466
500
474
447
438
292
500
397
460
477
425
431
398
460
492
447
360
390
434
538
510
362
498
468
478
514
264
343
419
520
457
476
488
446
481
519
403
437
454
514
471
291
326
412
498
522
466
472
428
533
360
403
454
291
522
500
462
444
437
452
504
510
446
464
504
437
475
445
480
481
502
477
393
452
477
534
466
533
519
437
471
498
481
459
478
471
482
404
527
364
471
409
456
469
537
518
466
521
498
475
420
512
497
428
505
395
456
479
439
488
288
368
419
478
447
518
474
437
462
558
493
481
513
549
426
366
409
419
445
476
495
492
390
440
410
449
490
293
431
446
464
521
481
517
475
536
456
518
499
504
498
537
506
499
477
484
442
460
470
477
471
547
557
447
416
425
457
559
528
404
448
460
556
511
317
385
439
517
466
495
490
426
570
438
416
505
438
567
495
447
470
500
338
466
447
510
495
493
478
536
531
510
495
