472
488
490
500
513
549
492
360
403
481
522
457
466
447
410
449
431
454
495
516
460
490
495
517
495
534
441
495
458
420
501
516
461
412
420
392
455
560
574
559
556
602
682
363
559
408
527
574
559
519
386
500
536
572
416
567
466
558
477
517
516
457
557
324
425
348
436
477
517
466
398
460
490
447
360
426
434
572
602
481
520
495
524
547
236
427
400
520
457
567
488
446
423
477
425
477
559
528
459
517
469
537
466
500
453
398
502
506
448
478
471
466
538
510
418
520
481
498
570
428
505
478
498
476
539
486
456
481
519
551
498
534
531
495
462
558
445
437
475
531
480
481
533
490
551
475
440
534
412
349
412
524
415
441
392
455
448
385
502
415
455
456
516
363
416
567
429
374
553
286
567
376
495
408
527
417
466
451
524
549
376
495
468
324
360
426
440
293
409
302
390
343
412
348
436
379
434
452
518
419
343
412
452
236
427
298
446
380
440
366
194
302
343
400
318
379
452
343
292
360
390
437
317
385
364
426
420
512
397
460
418
434
456
497
439
409
456
497
264
343
293
446
382
420
438
288
368
437
419
361
426
456
419
291
326
427
428
446
426
338
366
409
390
412
400
436
434
419
291
236
324
360
293
348
517
516
461
497
470
592
349
461
385
502
495
534
506
420
501
514
461
412
524
455
602
682
479
572
572
604
764
374
553
549
559
519
634
536
567
457
557
449
447
490
549
416
293
409
419
425
431
495
492
390
547
410
493
513
366
476
447
438
472
447
460
499
511
404
527
475
500
453
548
506
471
514
468
480
517
488
539
471
440
558
481
426
445
462
453
472
453
548
418
477
502
506
474
460
499
437
506
456
497
418
476
539
463
468
480
293
539
361
426
481
498
447
486
490
521
517
382
420
456
551
475
531
524
440
558
427
445
400
436
534
531
567
480
488
490
481
446
426
434
490
551
481
534
495
516
462
236
324
348
475
457
466
460
360
444
475
445
478
495
493
521
531
498
537
452
504
478
480
486
466
478
517
475
506
477
393
414
534
481
469
510
484
442
477
452
481
469
502
460
533
519
602
498
520
517
495
547
557
425
437
520
517
398
447
481
572
558
477
457
477
423
466
500
474
447
438
292
500
397
460
477
425
431
398
460
492
447
360
390
434
538
510
362
498
468
478
514
264
343
419
520
457
476
488
446
481
519
403
437
454
514
471
291
326
412
498
522
466
472
428
533
360
403
454
291
522
500
462
444
437
452
504
510
446
464
504
437
475
445
480
481
502
477
393
452
477
534
466
533
519
437
471
498
481
459
478
471
482
404
527
364
471
409
456
469
537
518
466
521
498
475
420
512
497
428
505
395
456
479
439
488
288
368
419
478
447
518
474
437
462
558
493
481
513
549
426
366
409
419
445
476
495
492
390
440
410
449
490
293
431
446
464
521
481
517
475
536
456
518
499
504
498
537
506
499
477
484
442
460
470
477
471
547
557
447
416
425
457
559
528
404
448
460
556
511
317
385
439
517
466
495
490
426
570
438
416
505
438
567
495
447
470
500
338
466
447
510
495
493
478
536
531
510
495
