495
461
497
517
592
349
534
441
502
490
602
764
508
490
720
342
682
438
614
560
681
479
559
556
604
682
363
553
527
419
447
511
501
318
474
268
438
343
458
423
528
404
500
474
556
438
292
385
460
366
519
377
514
418
442
454
184
367
366
510
362
416
478
343
318
457
416
470
419
474
332
557
442
518
423
438
472
425
477
499
528
459
527
537
366
454
296
547
484
456
519
329
406
521
510
418
480
498
505
372
470
428
471
477
536
470
335
438
464
462
444
493
504
464
402
316
367
446
335
393
472
460
470
477
499
419
468
296
418
480
356
484
481
517
479
484
456
288
498
361
409
495
428
444
493
467
510
452
478
505
477
536
438
504
419
439
458
477
510
547
316
367
229
393
312
365
477
495
438
452
468
460
446
264
317
397
440
428
551
558
505
477
534
481
456
510
536
488
531
539
471
316
490
462
428
458
367
329
551
418
459
477
446
428
475
476
478
495
468
404
453
492
533
495
570
492
538
519
519
510
528
502
510
570
437
498
448
510
514
511
500
512
494
496
481
538
559
494
366
419
423
500
538
559
466
447
447
318
423
438
343
457
477
447
490
457
416
293
425
348
419
366
538
514
418
366
454
184
510
312
366
572
547
410
520
495
513
547
236
366
400
494
500
510
464
372
470
298
462
372
430
481
495
447
437
454
500
471
291
338
412
512
492
418
502
514
464
402
162
298
372
533
360
447
454
291
372
481
471
477
494
470
335
518
393
464
481
471
440
498
534
481
495
462
426
445
512
402
316
533
477
446
492
316
335
444
533
490
462
475
440
566
574
492
466
502
510
574
402
470
462
466
533
495
437
471
566
512
494
500
372
481
404
332
459
527
437
442
469
475
439
442
518
368
537
426
456
329
428
488
442
329
406
222
505
356
437
414
521
395
478
463
482
521
293
364
418
367
446
536
442
335
438
367
464
366
458
393
493
416
504
478
556
464
343
385
460
316
428
377
477
418
501
335
184
268
343
444
362
404
474
292
335
462
426
488
367
438
406
558
480
527
393
464
505
445
539
471
493
480
527
548
316
335
329
440
468
404
428
296
332
472
444
418
459
453
472
402
470
519
471
514
511
470
454
474
438
462
510
528
500
438
372
366
419
447
318
423
419
559
511
501
419
474
268
528
365
458
558
557
449
517
516
549
557
324
409
436
496
519
377
570
547
442
519
229
367
467
602
481
493
524
427
494
538
442
510
464
580
470
298
388
430
519
403
470
514
326
492
418
442
464
298
403
494
470
428
495
510
536
538
367
438
493
519
551
558
531
558
492
458
367
495
428
551
574
492
538
510
470
519
494
506
501
497
501
514
448
519
479
519
634
417
556
500
536
521
572
604
429
536
451
524
466
449
431
495
379
516
460
490
479
490
549
440
492
452
518
481
457
567
442
410
493
298
476
318
379
495
524
442
488
456
479
513
380
440
452
431
404
466
495
518
474
460
492
474
460
556
482
490
521
498
362
457
476
447
438
416
395
567
447
518
468
478
463
488
490
521
505
479
439
474
403
522
466
567
447
470
493
466
476
495
454
514
524
