367
180
416
312
310
481
427
298
567
442
440
493
298
302
379
367
495
536
442
428
438
367
493
467
458
551
558
493
531
524
549
558
427
409
436
458
428
377
510
547
501
367
229
268
365
551
481
449
516
324
298
447
338
438
442
388
367
470
416
385
403
326
427
466
567
426
470
493
409
495
418
298
229
447
438
317
442
377
268
404
403
481
324
466
449
492
470
519
495
570
511
538
519
474
528
519
602
557
517
557
494
495
419
559
419
558
448
417
451
400
521
524
460
518
521
439
474
498
524
447
395
447
518
417
463
490
474
521
479
482
429
521
451
448
379
452
436
479
518
524
318
312
442
379
417
360
456
452
451
450
436
400
479
521
448
476
416
567
495
634
478
488
492
536
505
556
604
490
536
514
362
457
431
519
438
404
479
466
519
506
468
474
556
460
500
501
460
572
497
501
441
392
385
501
455
456
408
438
556
527
364
408
500
466
451
572
549
376
536
451
468
469
442
477
537
426
469
502
466
521
460
475
420
506
456
497
414
481
478
463
484
521
293
498
361
418
481
478
447
486
490
474
517
382
437
456
348
365
516
436
426
397
460
434
456
460
439
409
490
521
497
312
495
400
361
547
467
356
524
463
418
468
419
361
488
490
456
505
479
419
474
393
534
445
539
510
493
480
531
539
548
452
504
498
480
486
506
478
517
499
506
477
444
418
475
476
453
495
468
472
453
452
481
477
502
460
415
456
364
448
516
502
376
313
429
495
344
364
451
468
460
400
466
344
524
460
502
420
368
437
512
495
426
456
497
524
419
456
495
497
468
516
293
382
437
429
288
364
286
420
376
415
361
418
417
456
451
448
409
376
415
456
343
310
440
412
495
352
452
452
468
436
464
466
518
524
516
212
380
343
376
278
310
313
440
429
415
360
352
364
452
451
456
436
400
364
448
343
446
390
567
438
385
553
426
567
524
419
460
527
434
466
455
439
549
502
455
264
292
363
360
416
412
317
374
349
412
397
408
441
392
385
385
406
497
502
364
441
501
455
448
497
502
415
514
448
516
438
572
549
400
508
614
313
604
400
466
556
527
417
536
521
524
604
429
495
524
442
460
475
439
470
518
368
499
419
456
477
537
518
506
474
498
499
437
512
497
484
521
395
517
479
482
456
288
364
409
498
447
518
521
420
343
490
419
419
501
458
437
549
439
456
474
460
418
492
474
497
556
482
456
498
418
366
356
513
479
409
442
442
437
482
478
463
426
521
439
477
464
505
481
456
471
536
488
527
471
504
478
537
466
475
446
428
459
478
404
469
418
456
419
474
497
468
361
356
463
426
364
361
490
456
451
479
409
376
521
451
456
498
505
478
537
527
539
486
506
536
456
471
567
466
466
455
418
481
477
556
428
459
363
469
408
441
476
453
519
502
500
501
478
416
412
392
400
467
524
436
527
419
488
434
466
505
439
549
490
536
455
312
495
348
408
547
365
438
516
556
441
468
397
408
460
500
392
460
572
385
501
510
520
425
559
570
528
682
517
559
534
498
500
559
398
386
420
448
572
461
420
538
423
560
477
574
495
559
