429
482
395
479
442
463
439
400
440
298
380
278
442
440
429
493
513
442
524
549
604
410
377
481
449
479
418
495
490
572
547
501
508
516
556
497
412
363
416
374
519
567
376
459
478
404
453
471
409
428
329
418
505
356
428
476
456
479
468
488
288
539
361
419
324
360
317
466
426
420
236
229
481
427
293
264
457
446
382
438
438
288
567
447
437
462
367
551
558
480
446
475
481
517
495
536
456
531
498
499
316
490
440
468
458
428
296
551
418
472
477
477
484
534
481
460
510
484
470
477
415
286
376
313
417
495
344
364
409
437
418
456
466
288
222
293
368
313
356
361
419
400
356
437
313
426
364
364
302
343
310
379
412
495
194
180
298
302
286
212
318
343
376
312
310
313
379
417
415
366
367
427
409
553
366
400
419
549
467
458
614
436
527
502
184
236
293
374
229
268
342
324
363
349
312
343
438
348
408
385
365
438
406
441
349
412
349
506
524
415
374
342
479
553
313
363
519
567
429
479
553
286
634
417
495
404
332
472
527
437
459
453
471
482
472
527
364
548
418
456
329
468
488
442
296
406
222
480
356
437
418
505
395
539
463
439
480
293
368
426
293
268
449
409
368
292
431
390
437
404
385
364
495
518
512
184
410
366
288
377
367
222
493
395
364
362
343
293
476
447
420
416
395
368
518
335
440
426
488
428
438
406
558
505
527
444
464
521
445
478
475
493
521
518
537
316
335
329
462
428
404
367
329
332
459
393
414
442
469
442
437
293
382
288
447
420
376
521
517
488
478
475
549
484
329
414
442
438
468
481
460
572
428
404
374
469
408
385
427
446
438
567
426
567
236
229
481
324
363
264
457
360
416
438
317
374
466
519
412
547
519
602
557
682
514
520
447
572
570
511
764
517
559
461
366
572
457
602
496
419
490
558
560
517
538
447
602
477
574
516
559
602
470
495
292
360
293
431
390
343
264
184
362
343
212
236
457
446
380
410
366
194
476
318
343
446
335
444
464
366
462
475
481
513
440
426
366
445
400
419
316
477
477
418
316
335
184
393
312
343
490
440
410
534
495
490
462
236
293
348
291
298
403
326
343
291
522
428
446
447
338
366
466
476
390
162
360
291
264
418
298
184
403
362
292
360
291
236
522
457
360
447
410
293
431
402
533
471
514
492
470
454
519
510
438
533
471
547
498
520
447
495
547
416
425
512
372
366
481
538
447
494
366
318
423
481
572
457
477
457
364
420
368
518
512
495
288
222
395
368
313
293
447
437
429
395
364
286
518
417
415
456
406
521
518
614
480
498
499
604
505
527
553
537
527
502
296
484
470
508
329
332
342
442
438
406
418
472
479
477
556
497
459
363
349
441
366
367
493
409
553
343
476
390
567
416
385
553
495
634
524
184
410
293
374
377
268
342
449
479
349
362
292
363
431
519
412
404
479
349
506
454
547
416
764
519
474
720
557
682
592
510
438
682
425
559
461
528
682
592
534
366
318
490
457
602
470
419
490
390
517
423
560
517
495
517
317
268
404
385
310
324
466
426
440
449
409
302
495
379
412
229
438
438
278
377
