602
517
495
466
574
495
458
516
397
343
474
460
352
348
460
434
452
490
419
343
492
452
452
312
468
419
360
418
366
212
478
360
352
495
400
318
488
456
452
513
380
343
452
393
452
504
478
477
464
343
504
419
460
534
445
476
480
488
492
481
446
390
434
477
444
362
452
468
474
446
264
292
397
475
457
431
460
360
372
454
412
419
464
430
366
514
478
460
454
412
400
472
488
434
500
513
419
492
514
372
312
454
468
397
464
418
343
474
454
495
348
460
490
502
462
510
437
498
500
510
514
438
500
437
520
425
398
447
500
538
423
466
447
477
409
437
482
456
466
426
521
497
524
439
456
495
498
524
516
356
479
419
400
442
437
313
439
400
364
463
418
417
474
521
448
482
429
415
448
480
517
499
604
488
527
553
475
549
502
539
548
634
506
536
514
471
567
524
455
468
472
479
460
572
497
404
374
349
385
453
519
506
501
412
366
513
419
549
442
458
614
549
604
502
478
460
527
492
536
455
556
604
502
514
418
343
438
490
572
385
501
508
406
497
474
556
441
501
497
514
438
682
447
572
461
511
764
592
461
500
559
534
420
461
447
602
517
516
470
495
365
460
439
436
501
458
310
556
436
464
516
436
379
490
479
518
549
440
412
518
547
467
312
505
450
436
442
278
310
436
524
442
379
479
440
510
493
416
478
505
556
536
438
385
439
530
567
495
490
426
495
438
404
460
317
466
464
430
467
500
505
439
580
442
458
556
514
524
436
490
549
464
547
365
460
501
516
510
570
528
448
511
517
559
497
479
572
508
556
604
400
404
460
501
474
556
436
438
377
362
416
312
547
468
505
450
418
442
278
478
360
436
449
490
501
516
549
439
410
377
481
493
395
418
495
513
479
547
442
442
524
463
482
447
442
403
470
416
464
454
500
505
464
580
442
514
478
556
418
360
447
438
418
442
377
403
362
404
514
464
547
454
468
460
464
418
501
474
517
516
470
495
461
385
602
490
560
682
438
602
574
572
572
602
764
374
559
408
549
559
419
423
528
365
559
466
448
460
447
511
317
500
397
439
496
538
570
547
366
519
229
510
312
467
538
570
438
498
468
505
514
264
438
419
457
419
558
557
442
447
477
447
460
559
511
404
517
469
475
366
572
547
484
496
519
329
602
414
521
538
514
468
520
481
517
570
428
488
478
494
481
495
510
494
538
367
519
393
493
500
510
495
437
452
478
510
446
536
504
512
492
458
533
477
495
492
316
428
444
502
477
510
452
477
349
385
406
441
502
364
374
342
363
553
313
438
408
549
400
438
614
313
527
364
466
317
268
292
385
310
365
397
439
436
343
458
310
460
352
464
229
264
438
278
184
367
180
343
212
310
312
467
312
419
360
436
366
212
310
352
293
268
324
409
368
343
348
419
419
365
458
437
436
426
456
184
236
366
288
229
367
222
427
293
364
312
366
356
400
361
409
467
356
437
418
298
291
338
438
298
388
367
326
343
385
372
430
467
412
419
439
430
366
458
460
162
298
229
291
264
317
298
184
268
292
372
312
365
397
343
470
390
517
592
406
517
